$ANSIBLE_VAULT;1.1;AES256
66313939336661336364353331353531663134316332663739313539616163386636323135623030
3234313732396331313865373037356133343136396435340a343434383737343264666465333031
65336664376361386265666639643538386334323436366337613561623562333237616463653965
6165336232363166620a623635333864616333303261363131383330636132353461333838386364
63616137343366643431366131363234656436336562383137633735616335666132336463353731
61376264343363346230313530653436626236326537656566363939313036383461636138663830
38663736363362663730343739313938343564303238643439616632363739366565663935313834
64373731363033646463623961323437336265336630373664643135323937356330353334623865
30323362373239386333363733623063623563666435616466303433666262346239666336333261
31623736353835333438303133336334356131663736383136646664366233303735626637626231
31376639656538383933323934616438646662613564633162653033383137633134336138303364
34636534653836326332383032336632313132393433623965373730393336383263306538353963
39636536616237616436386264616636393266396139343636653431343433363666323066313962
61353736393032393363316261343334333364663534666639396630646365316161343063636239
37653831376333306163323039306435393962313436366537663566353737393931373261623865
39316630323734346363356563643538643030373466663362356662303630386534343461373635
32336335663836623534343861353861323265383632386530383038376430316433623435393664
35663565653931383364633235316635323765343561303232383331333938623762336465343433
30333035373034316235616338626331326661373232333236316362636538393363303363643638
32633436333065356636666434616561623764643231323838343239633566656161643739616466
31343065396530396438346534626332366237616263373933643361313637336262613431343130
65383661303164303861353362373537343162643961623935653737366534386639373530336633
30396663653738323530643131303638386365666535383435623332363736636264313661326533
65623964306465616164316630376266623562373461323266356466303764643366386434313538
32323535613864643435613165303236333562666538616564393434653238623235643161613631
32636339653939343033313461656131623663393163666538306139653536313337346635346536
30313533333233336666623733656332356532386537653261633539663730613362326163343432
61613930346432373537646435343663393030636164623863313336376332383464663661343830
39653539383262303439386539393532636337646536633765336438343766396535346663363563
61336332633735353761616566356563353133633637666639323833393230363033396464336135
62313637303338353038616636643166663133323137656536366233376430613162336361333835
64366531636635333030356537633131343465613566623864326565306138663438643939343363
31666563663964656464633337616531306161636163613335646462323461323566343737626263
66366161306363323561656537316634376430613933663136383739326330316432633062363233
32636631653465383935333733356337383536306333336436343635313665623133313265366364
65373630356630326434353366383135613462663866333838633166316338353065633936313234
66633037353234306131636439313866353062353131313932396531616638343863393664353565
37356132666632336530323734353161353266356230363765643838363765666536323663633734
64353961643933366639313232306539343637653961386536663237376430383863663934343266
33316363666237623135653765363461656230323938326266313961303933333433656561653163
38393538323666346435336266383636623239333938616333396337653234356134616639623637
33653234306330643063636237383131623037383164303139616135336362343135363534316663
33353064393064643833336634363338613165336231646431663732306635626430323065643762
31636232613537316463343136613966383933303866646162653632373161336339323737633636
33313461663565313433626332343761393464393833376432363737363731386434373333303833
66663333663138633164373936353437616332313134303937396130376138653438653034646631
32303633383636333635656234633663646261343763316134636338666264636635666339396161
33396365346335316436633639633732343732653534393363383538633131653364313838613339
63646364313566663433363238336130396538666161306463373133646330633931316134653466
32303466386462353838383764333665626533646139366530323036613232393432396131666538
36313866643136383439333934306537346262346639333038313966643563643038393534353637
63643335623336333063323762646130366363636261366432323365626639346637333434333735
36613765623063663932393564336435633038363163363231653039623537666232666562303832
64663965386632393161633963623366623961653566346538646431363038396635616339653038
31626263353836346431383161646530316638333238643361663166646133613564366265623834
63363161333930316130643961616265643636656233613538616363386132366530653763383265
33623037646139613236306461343863316634666465643036353366666136306631346232353130
66653066396334653561303361626162633663633461623165316630393832343831333234326436
37646633613331313239326235306538313562663666363961623037646330653635363730383437
36633964346435616662373230656338393964333865616537613466383037303231393432643537
37366133303039666133333931643335306164343432666266383465326465613633336566653065
30353330383561613030653266333332623438383465343561383366616166323139356138336235
34323733656262633865393937353464626231633261616531623363613063376261663332663833
35336264313364353432353630656237633065663164653339656632396338333364653366326461
33666234343262626530343733336534616236373861393839386264663330396337626235333262
36666461353862366162393334386132356332653266373839393735623132376634326539356665
39343338613363383332366637663032316336313730343864633938356565396232376436613035
36656262383538383665383932343331346432303438393966376365323239346136313663363763
36383866333166376632323763346165396232613535653132666533353264303063346236643230
39656565383931323739623130663939613338343538393761383330626165383337376162653637
66373761616262363138306539313163373139313766386236326666666435353665353866616430
37386639613233626661626263363866323765643634346361633763313238313763666237306137
64356461326561356161313233353166383938326336303565613036323537343962643438663536
37393035326430323062616632343732353538323935333261663934623230346139396138653362
62623666313061383031356632653462346131396531306632393733353135643235626236306538
39333936366332343538653762613336343733343331323064663566313836636536636464313032
30646664376630333763336363663839623935313539363638626639653165376662323762643338
65383263383730353462333737393965363137353463346334323438353062643532653133646535
65623762316661376535376134666165616363376461333265386561333836373138666266653631
61333032363635393535363931363637656265623636366137346334333566393233323062616164
36383565623734303938303933356333396662366261636537303837623438663839366263643534
65626665653262366635656434653036663561316266313163636538646562376239376430633934
30366632653232353434303662373261323366306262373365363337306330633761333539396562
64376266613431353465303233373065353766353763626230316663616430366437303165313436
30333836333737343930386630663266313362613538333735336138313433363334396665623339
31663864386535636563383561306537366633353066336632363832353731366638323963633162
61366435643530646130326263653730333734653061623830363666633966333231633164646634
65653338396465376630
